image_width: 1280
image_height: 720
camera_name: zed_left
distortion_model: plumb_bob
camera_matrix:
  rows: 3
  cols: 3
  dt: d
  data: [532.8016818135839, 0.0, 661.4516698422946, 
         0.0, 535.4438466968883, 331.8424063682838, 
         0.0, 0.0, 1.0]
distortion_coefficients:
  rows: 1
  cols: 4
  dt: d
  data: [-0.17095682206424107, 0.14277924810174208, -0.0027615426006642155, 0.004164179302936691]
rectification_matrix:
  rows: 3
  cols: 3
  dt: d
  data: [ 0.99984666, -0.00285743, -0.01727687, 
          0.00267507,  0.99994057, -0.01056905, 
          0.01730605,  0.01052122,  0.99979488 ]
projection_matrix:
  rows: 3
  cols: 4
  dt: d
  data: [ 627.45250382, 0.0, 674.54638672, 0.0, 
          0.0, 627.45250382, 338.56169891, 0.0, 
          0.0, 0.0, 1.0, 0.0]
