image_width: 1280
image_height: 720
camera_name: zed_right
distortion_model: plumb_bob
camera_matrix:
  rows: 3
  cols: 3
  dt: d
  data: [534.1398085783596, 0.0, 659.8626969186294, 
         0.0, 537.0196869213199, 347.20737943802817, 
         0.0, 0.0, 1.0]
distortion_coefficients:
  rows: 1
  cols: 4
  dt: d
  data: [-0.08875825395597844, 0.05156089898455751, -0.0076689720416879565, -0.0012350125863822314]
rectification_matrix:
  rows: 3
  cols: 3
  dt: d
  data: [ 0.99977249, -0.00568477, -0.02055867, 
          0.00590126,  0.99992761,  0.01048547, 
          0.02049757, -0.01060441,  0.99973366 ]
projection_matrix:
  rows: 3
  cols: 4
  dt: d
  data: [ 627.45250382, 0.0, 674.54638672, -75.34114210, 
          0.0, 627.45250382, 338.56169891, 0.0, 
          0.0, 0.0, 1.0, 0.0]
